9 24 33 38 33 33324 1
9 24 33 38 33 33324 10
9 24 33 38 38 40958 16
9 24 33 38 9 11213 22
9 24 33 38 24 24127 25
9 24 33 38 24 24127 37
9 24 33 38 38 40958 43
9 24 33 38 33 33324 49
9 24 33 38 33 33324 52
9 24 33 38 33 33324 58
9 24 33 38 38 40958 64
9 24 33 38 33 33324 70
9 24 33 39 39 42908 73
9 24 33 39 33 33325 77
9 24 33 38 38 40958 81
9 24 33 38 24 24127 88
9 24 33 38 33 33324 94
9 24 33 38 33 33324 99
9 24 33 38 33 33324 101
9 24 33 38 33 33324 109
9 24 33 38 38 40958 115
9 24 33 38 9 11213 118
9 24 33 38 24 24127 121
9 24 33 38 38 40958 133
9 24 33 38 33 33324 145
9 24 33 38 33 33324 148
9 24 33 38 33 33324 154
9 24 33 38 38 40958 160
9 16 29 38 9 10929 166
9 16 29 38 16 18129 169
9 16 29 38 29 28622 172
9 18 29 38 18 19737 175
9 18 31 38 31 30374 178
9 18 31 38 18 19748 184
9 18 29 38 29 28636 187
9 16 29 38 16 18129 190
9 16 33 38 33 33285 193
9 16 33 38 33 33285 199
9 16 33 38 33 33285 205
9 16 33 38 38 40906 211
9 16 33 38 9 10947 214
9 23 32 36 36 37620 217
9 23 32 36 23 23368 229
9 23 32 36 36 37620 232
9 23 32 36 23 23368 235
9 23 33 38 33 33321 241
9 23 33 38 33 33321 244
9 23 33 38 33 33321 250
9 23 33 38 38 40955 257
9 23 33 38 9 11203 261
9 19 32 36 36 37606 265
9 19 32 36 19 20502 277
9 19 33 38 33 33306 279
9 19 33 38 19 20507 281
9 19 33 38 33 33306 289
9 19 33 38 33 33306 292
9 19 33 38 33 33306 298
9 19 33 38 38 40933 304
9 19 33 38 33 33306 310
9 19 33 38 38 40933 313
9 17 31 38 31 30369 322
9 17 31 38 17 18964 325
11 17 26 39 39 43042 328
11 17 26 39 26 25823 334
11 16 26 37 37 39289 337
11 16 24 37 24 24179 346
11 16 24 37 11 13481 355
11 22 34 38 34 34901 361