7 18 31 39 18 19645 21
7 18 31 39 18 19645 41
7 18 31 39 18 19645 61
7 18 31 39 18 19645 81
7 18 31 39 31 30260 111
7 14 31 39 14 16297 141
7 14 30 39 39 42570 181
7 14 30 39 39 42570 201
7 14 30 39 39 42570 221
7 14 30 39 39 42570 241
7 14 30 39 30 29399 271
7 14 30 39 14 16292 301
7 14 30 39 30 29399 341
7 14 30 39 30 29399 361
7 14 30 39 30 29399 381
7 14 30 39 30 29399 401
7 14 30 39 7 8144 431
7 21 33 39 33 33135 461
7 21 34 39 34 34597 501
7 21 34 39 34 34597 521
7 21 34 39 34 34597 541
7 21 34 39 34 34597 561
7 21 34 39 21 21870 591
7 21 34 39 7 8522 621
6 14 31 39 6 7349 661
6 14 31 39 6 7349 681
6 14 31 39 6 7349 701
6 14 31 39 6 7349 721
6 14 31 39 31 30175 751
6 14 31 39 14 16213 781
6 14 30 39 39 42420 821
6 14 30 39 39 42420 841
6 14 30 39 39 42420 861
6 14 30 39 39 42420 881
6 14 30 39 30 29327 911
6 14 30 39 14 16208 941
6 14 30 39 30 29327 981
6 14 30 39 30 29327 1001
6 14 30 39 30 29327 1021
6 14 30 39 30 29327 1041
11 19 30 34 19 20579 1071
11 19 29 33 33 33437 1101
11 21 29 34 34 34896 1141
11 21 29 34 34 34896 1161
11 21 29 34 34 34896 1181
11 21 29 34 34 34896 1201
11 21 29 34 21 21981 1231
11 23 31 39 31 30495 1261