7 21 32 39 21 21865 1
7 21 32 39 39 42642 31
7 24 32 39 24 24033 61
7 24 32 38 38 40734 81
7 21 32 38 21 21864 111
7 21 32 38 7 8516 141
7 21 32 38 21 21864 161
7 21 32 39 39 42642 191
7 24 32 39 24 24033 221
7 24 32 38 38 40734 241
7 21 32 38 21 21864 271
7 21 32 38 7 8516 301
7 21 32 38 21 21864 321
7 21 32 39 39 42642 351
7 24 32 39 24 24033 381
7 24 32 38 38 40734 401
7 21 32 38 21 21864 431
7 21 32 38 7 8516 461
7 21 32 38 21 21864 481
7 21 32 39 39 42642 511
7 24 32 39 24 24033 541
7 24 32 38 38 40734 561
7 21 32 38 21 21864 591
7 21 32 38 7 8516 621
7 21 32 38 21 21864 641
7 21 32 39 39 42642 671
7 24 32 39 24 24033 701
7 24 32 38 38 40734 721
7 21 32 38 21 21864 751
7 21 32 38 7 8516 781
7 21 32 38 21 21864 801
7 21 32 39 39 42642 831
7 24 32 39 24 24033 861
7 24 32 38 38 40734 881
7 21 32 38 21 21864 911
7 21 32 38 7 8516 941
7 21 32 38 21 21864 961
7 21 32 39 39 42642 991
7 24 32 39 24 24033 1021
7 24 32 38 38 40734 1041
7 21 32 38 21 21864 1071
7 21 32 38 7 8516 1101
7 21 32 38 21 21864 1121
7 21 32 39 39 42642 1131
7 24 32 39 24 24033 1151
7 24 32 38 38 40734 1171
7 21 32 38 21 21864 1191
7 21 32 39 39 42642 1201
11 24 32 39 24 24185 1221
11 23 32 38 38 41121 1231