0 8 17 32 8 8576 61
0 8 24 38 24 23438 81
0 8 24 38 38 39349 111
0 11 27 38 11 12606 121
0 11 27 38 27 25862 141
0 14 29 38 29 27831 191
0 14 29 38 0 725 341
0 14 29 38 14 15697 371
0 14 29 38 29 27831 401
0 14 31 38 31 29709 461
2 16 29 38 29 28041 541
2 16 29 38 16 17653 561
2 16 29 38 2 3197 581
2 19 32 38 19 20084 821
2 19 32 38 32 30947 851
2 17 32 38 17 18508 881
2 14 32 38 14 15880 941
2 12 32 38 12 14108 1001
2 16 31 38 16 17664 1061
2 16 31 38 31 29879 1081
2 13 31 38 13 14980 1101
2 13 31 38 38 39812 1121
6 12 23 38 23 23196 1151
6 12 20 37 20 21069 1211
6 12 20 37 37 38777 1241
6 12 21 37 6 7097 1261
6 12 22 37 22 22483 1281
5 14 29 36 29 28312 1321
5 14 29 36 14 16115 1341
5 14 29 36 36 37169 1361
5 19 32 37 32 31404 1421
5 19 32 37 19 20303 1441
5 19 32 37 5 6735 1461
5 19 33 37 33 32887 1481
9 17 31 35 17 18961 1541
9 17 31 35 31 30366 1571
9 17 31 35 9 10997 1601
9 17 31 35 35 36178 1621
9 17 31 35 31 30366 1641
9 17 31 35 17 18961 1931
9 17 31 35 31 30366 1961
9 16 31 35 16 18137 1991
9 16 29 35 29 28619 2021
9 14 29 35 14 16450 2051
9 14 28 35 28 27627 2081
2 15 24 38 24 23658 2161
2 15 24 38 38 39830 2181
2 15 23 38 23 22928 2241
2 15 24 38 24 23658 2281
2 15 24 38 24 23658 2621
2 15 24 38 38 39830 2651
2 16 28 38 28 27038 2681
2 16 28 38 2 3190 2711
2 16 28 38 16 17646 2741
4 16 29 38 29 28237 2771
4 16 29 38 4 5525 2801
4 17 31 38 17 18656 2831
4 17 31 38 31 30044 2861
4 17 31 38 17 18656 2891
4 17 31 38 31 30044 2921
4 19 33 38 33 32746 2961
4 19 33 38 19 20239 3001
9 21 31 36 21 21938 3041
9 21 31 36 36 37614 3071
9 19 31 36 19 20498 3101
9 21 31 35 21 21937 3161
9 21 31 35 35 36200 3191
9 21 31 35 9 11157 3221
9 23 32 38 23 23370 3251
9 23 32 38 38 40954 3281
9 23 32 38 9 11200 3341
9 24 32 38 24 24124 3371
9 24 32 38 38 40957 3401
7 16 29 38 16 17993 3431
7 16 29 38 16 17993 3491
7 16 29 38 16 17993 3541
7 16 29 38 29 28489 3561
7 14 28 38 28 27494 3611
7 14 28 38 14 16278 3701
7 14 28 38 14 16278 3761
7 14 28 38 28 27494 3791
7 14 26 38 26 25622 3851
7 14 24 38 24 24012 3941
7 13 21 36 7 7988 4091
7 13 21 36 21 21840 4121
7 13 21 36 36 37375 4141
7 13 21 36 21 21840 4161
0 14 24 38 24 23486 4201
0 14 24 38 38 39442 4221
0 14 24 38 0 686 4241
0 14 24 38 14 15658 4271
2 14 28 38 28 27022 4301
2 14 28 38 14 15858 4331
2 14 28 38 28 27022 4361
2 17 28 38 17 18486 4381
2 17 31 38 31 29884 4401
2 16 31 38 16 17664 4421
2 16 31 38 2 3208 4441
2 19 29 33 29 28057 4461
2 19 29 33 19 20064 4481
2 19 29 33 33 32428 4511
2 19 29 33 19 20064 4781
5 19 28 32 32 31402 4811
5 19 28 32 5 6708 4841
5 19 28 32 32 31402 4961
5 19 28 32 19 20276 4981
5 19 28 32 5 6708 5001
7 20 29 33 7 8468 5111
7 20 29 33 20 21132 5141
7 20 29 33 33 33128 5171
7 20 29 36 36 37439 5261
7 20 29 38 38 40713 5321
7 20 29 38 29 28517 5651
7 20 29 38 38 40713 5681
5 19 33 37 33 32887 5721
5 19 32 37 32 31404 5761
5 19 31 37 31 30128 5801
5 19 31 37 5 6731 5831
5 19 28 37 19 20281 5861
5 19 28 37 28 27365 5881
5 19 28 37 37 38719 5901
4 18 32 37 32 31256 5961
4 18 31 37 31 30048 6001
4 18 30 37 30 29187 6041
4 18 30 37 4 5642 6071
4 18 31 37 18 19463 6101
4 18 32 37 32 31256 6121
4 19 32 37 19 20235 6141
2 17 29 38 17 18493 6181
2 17 29 38 2 3257 6201
0 17 29 38 0 929 6251
0 17 29 38 29 27852 6281
0 16 24 38 24 23502 6341
0 16 24 38 38 39465 6371
7 12 29 33 29 28456 6601
7 12 29 33 33 33060 6621
7 12 28 33 12 14581 6641
7 12 28 33 28 27473 6671
7 12 28 33 7 7949 6701
7 23 31 38 23 23280 6731
7 23 31 38 38 40730 6761
9 17 31 38 17 18964 6791
9 17 31 38 31 30369 6821
9 16 31 36 9 10938 6841
9 16 31 36 36 37584 6861
9 16 31 36 16 18138 6901
9 16 31 36 31 30362 6921
8 12 31 39 12 14705 6941
8 12 31 39 39 42675 6971
10 19 34 39 19 20554 7001
10 19 34 39 34 34832 7031
10 19 33 39 19 20552 7151
10 19 33 39 33 33379 7181
10 19 33 39 19 20552 7271
11 24 33 39 33 33458 7301