1 16 31 35 31 29796 61
1 16 31 35 16 17593 91
1 16 29 35 29 27940 121
1 16 29 35 35 35174 151
1 20 29 35 20 20726 181
1 20 29 33 33 32275 211
1 16 31 36 36 36598 261
1 16 31 36 16 17594 281
1 16 31 36 31 29797 301
1 17 31 36 17 18426 331
1 17 30 36 30 28910 361
1 14 29 36 29 27927 401
1 14 28 36 28 26916 441
1 14 27 36 27 25980 481
1 14 27 36 14 15764 501
1 14 27 36 1 1872 521
0 14 29 36 0 723 571
0 14 29 36 29 27829 601
8 13 23 36 23 23304 641
8 13 22 36 22 22588 681
8 13 21 36 8 9300 721
8 13 21 36 21 21884 751
8 13 21 36 36 37466 781
8 14 28 36 14 16360 811
8 14 28 36 28 27564 841
8 14 28 36 14 16360 871
8 12 24 38 12 14654 931
8 12 24 38 38 40743 961
8 12 24 38 38 40743 1141
8 13 24 38 24 24054 1171
9 13 24 38 9 10662 1201
5 21 31 36 36 37220 1291
5 21 31 36 31 30137 1321
5 21 31 35 35 35802 1411
5 21 31 35 21 21745 1441
5 21 29 33 5 6780 1471
5 21 29 33 33 32895 1531
5 21 29 33 29 28358 1561
0 17 31 38 31 29724 1651
0 17 31 38 17 18352 1681
0 14 29 38 0 725 1771
0 14 29 38 14 15697 1801
0 14 29 38 29 27831 1831
6 17 31 38 31 30189 1891
6 17 31 38 17 18784 1951
6 19 32 38 19 20364 2401
6 19 32 38 32 31531 2421
6 19 32 38 6 7652 2441
6 19 32 38 19 20364 2461
6 21 34 38 21 21817 2581
6 21 34 38 34 34488 2611
6 21 34 38 21 21817 2641
10 15 23 36 23 23390 2781
10 15 23 36 36 37633 2801
10 15 23 36 23 23390 2821
10 15 23 36 10 12124 2851
10 15 24 38 38 40976 2971
10 15 24 38 38 40976 3001
10 15 24 38 24 24146 3031
10 15 24 38 24 24146 3301
10 15 24 38 38 40976 3321
10 15 24 38 15 17334 3341
10 15 28 38 28 27694 3361
10 15 29 38 29 28671 3421
10 15 30 38 30 29584 3481
10 15 31 38 31 30409 3541
10 21 32 36 32 31902 3601
10 21 32 36 21 21970 3631
10 21 32 36 36 37681 3661
10 21 32 36 32 31902 3721
0 14 29 38 29 27831 3761
0 14 31 38 31 29709 3801
0 14 31 38 31 29709 3841
0 14 29 38 29 27831 3931
0 14 29 38 0 725 4261
0 14 29 38 14 15697 4281
0 14 29 38 29 27831 4301
0 11 28 38 11 12614 4381
0 11 28 38 38 39404 4401
0 11 28 38 28 26790 4421
9 23 31 38 9 11196 4501
9 23 31 38 23 23366 4521
9 23 31 38 38 40953 4541
9 23 31 37 31 30398 4641
9 23 31 36 9 11194 4661
9 23 31 36 23 23364 4681
9 23 31 36 36 37619 4711
8 21 30 34 21 21895 4861
8 21 30 34 34 34689 4881
8 21 30 34 8 9815 4901
8 21 30 35 21 21896 4921
8 21 30 36 36 37535 4941
8 16 31 36 16 18070 4961
8 16 31 36 31 30307 4981
8 16 29 38 29 28559 5041
8 16 29 38 16 18061 5061
8 16 29 38 38 40798 5081
8 15 23 36 36 37489 5121
8 15 23 36 23 23320 5141
8 15 23 37 23 23321 5191
8 15 23 38 38 40781 5221
8 15 24 38 24 24070 5241
8 15 24 35 35 36075 5261
7 20 29 33 33 33128 5301
7 20 29 33 20 21132 5321
7 20 29 33 7 8468 5341
7 17 30 34 30 29412 5371
7 17 30 34 17 18835 5401
2 17 28 37 28 27045 5431
2 15 28 37 15 16757 5461
2 15 28 37 2 3121 5491
2 15 28 37 15 16757 5521
2 15 28 37 28 27029 5551
5 18 28 37 5 6669 5581
5 18 28 37 18 19513 5611
5 18 31 37 31 30123 5641
5 18 32 37 32 31398 5681
5 18 33 37 33 32881 5721
5 18 32 36 36 37206 5761
9 24 33 38 9 11213 6001
9 24 33 38 24 24127 6021
9 24 33 38 38 40958 6041
9 23 33 38 38 40955 6181
9 23 33 38 38 40955 6301
9 23 33 38 38 40955 6391
9 23 33 38 38 40955 6451
9 23 33 38 38 40955 6541
9 23 33 38 38 40955 6601
9 23 33 38 23 23373 6661
9 23 33 38 38 40955 6691
9 23 33 38 33 33321 6751
9 23 33 38 38 40955 6781
9 18 31 38 31 30374 6811
9 18 31 38 38 40923 6841
9 18 29 38 29 28636 6931
9 18 29 38 38 40921 6961
9 18 31 38 31 30374 7021
9 18 31 38 38 40923 7051
9 18 33 38 33 33300 7101
9 18 33 38 38 40925 7121
9 18 31 38 31 30374 7171
9 18 31 38 38 40923 7201
9 18 29 38 29 28636 7261
9 18 29 38 38 40921 7291
9 18 28 38 28 27662 7351
9 18 28 38 38 40920 7381
9 18 29 38 29 28636 7411
9 18 29 38 38 40921 7441
9 18 31 38 31 30374 7521
9 18 31 38 38 40923 7541
9 18 29 38 29 28636 7591
9 18 29 38 38 40921 7621
9 18 26 38 26 25758 7681
11 23 32 38 38 41121 7741