8 14 29 35 14 16366 1
8 14 29 35 29 28542 31
8 16 29 35 16 18058 61
8 16 31 35 31 30306 91
8 21 29 33 29 28589 141
8 21 29 33 33 33229 161
8 21 31 35 31 30331 201
8 21 31 35 35 36121 221
8 21 31 35 21 21901 271
8 21 31 36 36 37536 301
8 23 31 36 23 23325 331
8 23 31 38 38 40849 361
8 12 28 38 12 14686 391
8 12 28 38 28 27550 421
8 12 28 38 12 14686 451
8 14 29 38 29 28545 501
8 14 29 38 14 16369 521
8 14 28 38 14 16362 901
8 14 28 38 28 27566 931
8 14 28 38 14 16362 961
8 12 21 38 12 14630 1021
8 12 21 38 38 40740 1141
8 12 21 37 21 21877 1641
8 12 21 36 36 37454 1661
8 12 23 36 23 23296 1681
8 12 23 38 38 40742 1711
8 12 23 38 12 14646 1741
8 12 28 38 28 27550 1771
8 14 28 38 14 16362 1801
8 14 29 38 29 28545 1831
8 16 29 38 16 18061 1861
8 16 31 38 31 30309 1891
8 16 31 38 16 18072 1921
8 14 29 38 14 16369 2221
8 14 29 38 29 28545 2251
8 14 29 38 14 16369 2281
8 12 28 38 12 14686 2441
8 12 28 38 28 27550 2481
9 13 24 38 24 24096 2521
9 13 23 38 23 23345 2701
9 13 23 38 38 40860 2731
9 13 23 38 23 23345 2761
9 13 23 37 9 10653 3061
9 13 23 36 23 23343 3091
9 13 23 36 36 37546 3121
9 13 23 38 38 40860 3181
9 13 23 36 36 37546 3241
9 13 23 35 35 36132 3301
9 16 32 36 32 31800 3361
9 16 31 36 31 30362 3401
9 16 29 36 29 28620 3441
9 16 26 36 26 25740 3481
9 16 24 36 24 24118 3541
9 16 31 35 31 30361 3631
9 16 29 35 29 28619 3691
9 16 31 35 31 30361 3921
9 16 31 35 16 18137 3941
9 16 29 33 29 28617 3961
9 16 29 33 33 33283 4041
9 17 29 33 17 18948 4061
9 17 31 35 31 30366 4081
9 18 31 35 35 36185 4161
9 19 31 35 19 20497 4181
9 19 29 33 33 33304 4201
9 21 29 36 36 37612 4281
9 21 29 36 21 21927 4301
9 21 29 35 35 36198 4351
4 11 24 38 38 40152 4411
4 11 24 38 11 13014 4441
4 11 24 38 24 23790 4471
4 12 28 38 28 27214 4531
4 12 28 38 12 14286 4561
4 12 28 38 38 40171 4591
4 12 28 38 4 5198 4981
4 17 31 38 17 18656 5011
4 17 31 38 31 30044 5041
4 17 31 38 31 30044 5101
4 17 29 38 29 28244 5161
2 16 26 38 26 25246 5221
2 16 28 38 28 27038 5281
2 16 28 38 2 3190 5491
2 16 28 38 16 17646 5521
2 16 29 38 29 28041 5551
2 16 29 38 29 28041 5611
2 16 28 38 28 27038 5671
0 9 24 38 24 23446 5731
0 9 24 38 38 39367 5761
0 9 24 38 38 39367 6061
0 9 24 38 24 23446 6081
0 9 24 38 9 9950 6101
0 9 24 38 38 39367 6301
0 9 24 38 24 23446 6331
0 9 24 38 9 9950 6361
0 9 24 38 38 39367 6541
0 9 24 38 24 23446 6561
0 9 24 38 9 9950 6581
0 9 24 38 38 39367 6781
0 9 24 38 24 23446 6811
0 9 24 38 9 9950 6841
0 9 24 38 38 39367 6901
0 9 24 38 24 23446 6931
0 9 24 38 9 9950 6961
0 9 24 38 38 39367 7021
0 9 24 38 24 23446 7051
0 9 24 38 9 9950 7081
0 9 24 38 38 39367 7161
0 9 24 38 24 23446 7181
0 9 24 38 9 9950 7201
0 9 24 38 24 23446 7261
0 9 26 38 26 25014 7321
0 14 28 38 28 26814 7381
0 14 29 38 29 27831 7441
0 14 28 38 28 26814 7501
0 14 28 38 14 15690 7521
0 14 28 38 0 718 7541
0 14 28 38 14 15690 7591
0 14 28 38 28 26814 7651
11 23 32 38 38 41121 7681